1414154854939955201
1414154854939955202
1414154854939955200
1414466248377839616
1414465814451863555
1414468461334499332
1414476298416709632
1414477265749041153
1414478103074807809
1414527679525699586
1414609446295253000
1414634408020168710
1414651721318608901
1415037049996988417
1416850703868366849
1416995284127784961
1417142438892695553
1417142337612836866
1417159688232316933
1417161535521230853
1417160285719171072
1417160029224902657
1417177827984777219
1417175726181158913
1417175061962788865
1417220030283067397
1417252997965520896
1417263032716103682
1417273889483276288
1417355130228281348
1417448431719796736
1417448032698781696
1417451227676303361
1417485615659094027
1417484679519907859
1417532844163883014
1417557570420682766
1421885615793127425
1422661952766107659
1422672900847460352
1422676376814034948
1422675740068356096
1422727388115386377
1422726113638367238
1423280772237066250
1423773242591006720
1423963822251991040
1423978896542810120
1423981617949941760
1424098592357326854
1425068337688625161
1425067840017768452
1425063472967127040
1425001358965497875
1424984819046494221
